CurrentLargestTaxonNumber <- 430750

DeadTaxonNumbers <- c(38118, 39262, 39623, 39289, 42956, 44660, 43288, 56701, 58459, 53013, 59598, 54012, 57355, 56719, 53876, 56954, 54146, 53056, 54082, 53111, 56679, 53609, 53797, 56659, 52843, 54365, 53838, 53621, 52927, 54058, 54084, 54175, 56728, 52865, 56731, 53064, 56855, 52945, 56584, 53549, 54838, 55042, 56714, 52866, 53837, 59757, 53053, 58024, 56705, 53067, 56913, 56569, 58521, 53050, 52868, 56744, 59223, 52856, 54455, 54384, 53466, 54085, 57012, 52916, 56699, 59131, 52939, 55475, 55006, 52858, 58674, 53555, 56912, 56730, 53996, 54083, 56692, 52854, 53791, 56729, 54988, 59176, 53844, 55418, 56551, 53061, 53770, 53793, 59289, 59175, 56747, 53432, 53233, 53463, 53407, 56553, 55019, 57981, 56914, 52861, 52975, 68566, 68388, 60492, 65922, 63941, 63239, 63004, 69709, 63244, 68336, 62688, 60631, 64700, 69789, 63074, 65403, 69710, 62057, 62702, 69999, 60672, 63216, 69739, 68472, 66758, 62686, 67942, 63088, 60904, 61394, 61436, 61990, 64828, 69713, 62059, 68389, 62637, 69803, 62576, 62466, 60224, 68795, 62793, 64695, 62058, 61920, 64354, 64378, 63422, 67774, 63485, 63089, 63243, 67494, 61423, 60185, 63568, 63708, 67655, 69219, 63593, 62685, 63486, 64645, 62450, 65469, 64198, 63551, 65103, 72076, 73244, 71176, 72110, 71189, 72040, 72075, 75355, 71862, 71141, 72131, 81102, 81087, 81098, 81076, 81107, 81067, 81071, 83945, 86283, 81078, 81091, 81084, 82890, 81100, 83726, 81070, 81081, 81093, 86601, 84352, 82300, 81069, 81074, 81095, 81097, 81079, 81075, 83954, 81096, 81068, 86284, 83524, 81101, 81581, 86757, 80741, 83042, 81077, 81085, 81072, 83536, 85459, 81090, 81099, 80386, 81082, 86639, 87580, 81065, 81094, 81089, 81073, 84647, 92561, 95322, 91784, 94598, 98611, 94704, 99789, 92035, 94179, 91575, 91267, 90677, 96049, 99768, 98139, 95347, 98609, 94157, 90686, 91594, 97801, 92034, 99770, 95842, 91595, 91465, 104517, 100716, 101119, 102884, 105640, 106368, 100761, 105132, 100978, 103952, 111366, 114175, 114767, 113843, 113764, 129909, 120387, 137727, 138925, 135361, 136763, 147588, 147539, 147541, 147540, 142785, 147533, 147790, 150722, 152856, 156513, 150293, 150723, 150279, 161644, 163546, 167255, 165640, 170181, 178427, 180555, 183771, 183663, 183781, 183664, 183783, 184586, 193470, 218971, 218966, 212488, 218505, 218967, 218972, 218962, 214353, 218956, 223644, 229695, 239804, 244585, 247663, 247010, 253689, 269337, 277412, 288792, 288834, 306259, 319668, 313226, 319672, 319673, 319687, 319663, 319671, 386647, 386637, 386646, 386649, 386648, 386650, 386643, 386645, 386642, 386639, 386641, 386638, 386644, 386640)

x <- metatree::PaleobiologyDBTaxaQuerier(taxon_nos = as.character(setdiff(1:CurrentLargestTaxonNumber, DeadTaxonNumbers)), stopfororphans = FALSE, breaker = 10000)
Orphans <- x[is.na(x[, "ParentTaxonNo"]), ]
Orphans <- Orphans[is.na(Orphans[, "TaxonValidity"]), ]
